Datum;CHF;CZK;USD
Einheiten;100;100;1
02.01.14;1,2307;27,481;1,3658
03.01.14;1,2309;27,525;1,3634
06.01.14;1,2319;27,485;1,3602
07.01.14;1,2367;27,454;1,3641
08.01.14;1,2383;27,448;1,3594
09.01.14;1,2368;27,433;1,3612
10.01.14;1,2342;27,392;1,3587
13.01.14;1,2342;27,41;1,3654
14.01.14;1,2334;27,409;1,3667
15.01.14;1,2354;27,441;1,3606
16.01.14;1,235;27,491;1,3597
17.01.14;1,2332;27,458;1,3584
20.01.14;1,2337;27,524;1,3566
21.01.14;1,2357;27,555;1,3526
22.01.14;1,2345;27,535;1,3566
23.01.14;1,2317;27,49;1,3639
24.01.14;1,2256;27,525;1,3687
27.01.14;1,2267;27,475;1,3658
28.01.14;1,2278;27,507;1,3649
29.01.14;1,2255;27,54;1,3608
30.01.14;1,2233;27,594;1,3574
31.01.14;1,222;27,5;1,3516
03.02.14;1,2226;27,527;1,3498
04.02.14;1,2215;27,53;1,3519
05.02.14;1,2222;27,535;1,3543
06.02.14;1,2224;27,525;1,3495
07.02.14;1,2237;27,503;1,3574
10.02.14;1,2234;27,547;1,3638
11.02.14;1,2235;27,53;1,3676
12.02.14;1,2249;27,533;1,3573
13.02.14;1,2216;27,53;1,3675
14.02.14;1,2221;27,436;1,3707
17.02.14;1,2221;27,396;1,3699
18.02.14;1,2221;27,392;1,3731
19.02.14;1,2214;27,43;1,3745
20.02.14;1,2203;27,382;1,3706
21.02.14;1,2195;27,368;1,3707
24.02.14;1,2209;27,362;1,3735
25.02.14;1,2193;27,346;1,3754
26.02.14;1,2198;27,325;1,3726
27.02.14;1,2161;27,339;1,3656
28.02.14;1,2153;27,344;1,3813
03.03.14;1,2129;27,354;1,3768
04.03.14;1,2172;27,369;1,3768
05.03.14;1,2186;27,353;1,3732
06.03.14;1,219;27,363;1,3745
07.03.14;1,2191;27,333;1,3894
10.03.14;1,2192;27,348;1,3881
11.03.14;1,2175;27,35;1,385
12.03.14;1,2159;27,353;1,3887
13.03.14;1,216;27,355;1,3942
14.03.14;1,2124;27,358;1,3884
17.03.14;1,2154;27,411;1,3906
18.03.14;1,2162;27,411;1,3902
19.03.14;1,2167;27,46;1,3913
20.03.14;1,219;27,488;1,3762
21.03.14;1,2182;27,458;1,378
24.03.14;1,2197;27,411;1,3774
25.03.14;1,2197;27,395;1,3789
26.03.14;1,2216;27,459;1,3791
27.03.14;1,2187;27,41;1,3758
28.03.14;1,2186;27,423;1,3759
31.03.14;1,2194;27,442;1,3788
01.04.14;1,2178;27,449;1,379
02.04.14;1,219;27,463;1,3795
03.04.14;1,2209;27,432;1,3771
04.04.14;1,2235;27,429;1,37
07.04.14;1,2202;27,444;1,3723
08.04.14;1,22;27,415;1,3774
09.04.14;1,2184;27,406;1,3794
10.04.14;1,218;27,427;1,3867
11.04.14;1,2161;27,452;1,3872
14.04.14;1,2154;27,466;1,3827
15.04.14;1,2162;27,459;1,3803
16.04.14;1,2169;27,463;1,384
17.04.14;1,2175;27,502;1,3855
22.04.14;1,2214;27,481;1,3817
23.04.14;1,2198;27,459;1,3834
24.04.14;1,2203;27,443;1,382
25.04.14;1,2194;27,46;1,3831
28.04.14;1,2181;27,458;1,3861
29.04.14;1,22;27,434;1,3826
30.04.14;1,22;27,454;1,385
02.05.14;1,2189;27,444;1,3862
05.05.14;1,2174;27,436;1,3874
06.05.14;1,2169;27,438;1,3945
07.05.14;1,2186;27,412;1,3927
08.05.14;1,2178;27,403;1,3953
09.05.14;1,2186;27,392;1,3781
12.05.14;1,2211;27,396;1,3765
13.05.14;1,2201;27,404;1,3703
14.05.14;1,2199;27,43;1,3719
15.05.14;1,2227;27,44;1,3659
16.05.14;1,221;27,443;1,3696
19.05.14;1,2228;27,474;1,3715
20.05.14;1,2223;27,479;1,3702
21.05.14;1,2216;27,467;1,3676
22.05.14;1,2215;27,443;1,3668
23.05.14;1,221;27,438;1,363
26.05.14;1,221;27,421;1,3635
27.05.14;1,2221;27,433;1,3638
28.05.14;1,2225;27,442;1,3608
29.05.14;1,221;27,474;1,3612
30.05.14;1,2204;27,471;1,3607
02.06.14;1,2214;27,482;1,3611
03.06.14;1,2216;27,463;1,3645
04.06.14;1,2204;27,46;1,3627
05.06.14;1,22;27,45;1,3567
06.06.14;1,2185;27,461;1,3642
09.06.14;1,2193;27,451;1,3608
10.06.14;1,2188;27,451;1,3547
11.06.14;1,2179;27,445;1,3547
12.06.14;1,2174;27,42;1,3528
13.06.14;1,2178;27,44;1,3534
16.06.14;1,2176;27,438;1,3532
17.06.14;1,2188;27,445;1,3568
18.06.14;1,218;27,481;1,3563
19.06.14;1,217;27,435;1,362
20.06.14;1,2169;27,433;1,3588
23.06.14;1,2167;27,458;1,3596
24.06.14;1,2173;27,443;1,3618
25.06.14;1,2168;27,435;1,3615
26.06.14;1,2164;27,447;1,3606
27.06.14;1,2162;27,459;1,362
30.06.14;1,2156;27,453;1,3658
01.07.14;1,2138;27,433;1,3688
02.07.14;1,2137;27,432;1,3656
03.07.14;1,2147;27,439;1,3646
04.07.14;1,216;27,444;1,3588
07.07.14;1,2155;27,434;1,3592
08.07.14;1,2155;27,437;1,3589
09.07.14;1,2158;27,433;1,3603
10.07.14;1,2143;27,44;1,3604
11.07.14;1,2143;27,44;1,3595
14.07.14;1,2139;27,439;1,3627
15.07.14;1,2142;27,431;1,3613
16.07.14;1,2156;27,446;1,3532
17.07.14;1,2147;27,44;1,3525
18.07.14;1,2144;27,433;1,3525
21.07.14;1,2144;27,468;1,3518
22.07.14;1,2151;27,485;1,3481
23.07.14;1,215;27,454;1,3465
24.07.14;1,2152;27,48;1,3472
25.07.14;1,2152;27,482;1,344
28.07.14;1,215;27,481;1,3433
29.07.14;1,2152;27,49;1,3429
30.07.14;1,2165;27,509;1,3401
31.07.14;1,2169;27,57;1,3379
01.08.14;1,2163;27,638;1,3395
04.08.14;1,2167;27,645;1,3422
05.08.14;1,2175;27,668;1,3382
06.08.14;1,2152;27,834;1,3345
07.08.14;1,215;27,853;1,3368
08.08.14;1,2137;27,825;1,3388
11.08.14;1,2134;27,852;1,3386
12.08.14;1,2138;27,845;1,3346
13.08.14;1,2135;27,839;1,336
14.08.14;1,2124;27,845;1,3373
15.08.14;1,2114;27,882;1,3388
18.08.14;1,2107;27,9;1,3383
19.08.14;1,2104;28,004;1,3354
20.08.14;1,2106;27,928;1,3284
21.08.14;1,2109;27,814;1,3262
22.08.14;1,21;27,838;1,3267
25.08.14;1,2087;27,833;1,32
26.08.14;1,2086;27,841;1,3192
27.08.14;1,2068;27,75;1,3177
28.08.14;1,206;27,775;1,3178
29.08.14;1,2061;27,725;1,3188
01.09.14;1,2072;27,738;1,3133
02.09.14;1,2072;27,784;1,3115
03.09.14;1,2078;27,658;1,3151
04.09.14;1,2055;27,662;1,3015
05.09.14;1,2064;27,596;1,2948
08.09.14;1,2069;27,637;1,2947
09.09.14;1,206;27,678;1,2902
10.09.14;1,2072;27,724;1,2929
11.09.14;1,21;27,635;1,2928
12.09.14;1,2089;27,6;1,2931
15.09.14;1,2099;27,579;1,2911
16.09.14;1,2085;27,555;1,2949
17.09.14;1,2101;27,532;1,2956
18.09.14;1,2086;27,518;1,2872
19.09.14;1,2067;27,574;1,2852
22.09.14;1,2069;27,543;1,2845
23.09.14;1,2069;27,517;1,2892
24.09.14;1,2077;27,497;1,2826
25.09.14;1,2076;27,572;1,2712
26.09.14;1,2071;27,534;1,2732
29.09.14;1,2071;27,54;1,2701
30.09.14;1,2063;27,5;1,2583
01.10.14;1,2072;27,502;1,2603
02.10.14;1,2085;27,495;1,2631
03.10.14;1,2089;27,479;1,2616
06.10.14;1,212;27,481;1,2565
07.10.14;1,2115;27,47;1,2607
08.10.14;1,2132;27,48;1,2645
09.10.14;1,2107;27,47;1,2763
10.10.14;1,2092;27,493;1,2638
13.10.14;1,2077;27,545;1,2679
14.10.14;1,2079;27,545;1,2646
15.10.14;1,2072;27,545;1,2666
16.10.14;1,2061;27,546;1,2749
17.10.14;1,2074;27,492;1,2823
20.10.14;1,2064;27,562;1,2773
21.10.14;1,2068;27,613;1,2762
22.10.14;1,2062;27,683;1,2693
23.10.14;1,2067;27,69;1,2669
24.10.14;1,206;27,695;1,2659
27.10.14;1,206;27,705;1,2679
28.10.14;1,2056;27,749;1,2748
29.10.14;1,2059;27,784;1,2737
30.10.14;1,2059;27,729;1,2598
31.10.14;1,2067;27,77;1,2524
03.11.14;1,2054;27,788;1,2493
04.11.14;1,2055;27,788;1,2514
05.11.14;1,2043;27,823;1,248
06.11.14;1,2045;27,769;1,2517
07.11.14;1,204;27,705;1,2393
10.11.14;1,2028;27,585;1,2486
11.11.14;1,2024;27,592;1,2424
12.11.14;1,2023;27,603;1,2467
13.11.14;1,2018;27,644;1,2456
14.11.14;1,2015;27,653;1,2436
17.11.14;1,2013;27,701;1,2496
18.11.14;1,2013;27,677;1,2514
19.11.14;1,2014;27,683;1,2535
20.11.14;1,2014;27,657;1,2539
21.11.14;1,2024;27,66;1,2422
24.11.14;1,2027;27,592;1,241
25.11.14;1,203;27,583;1,2424
26.11.14;1,2026;27,579;1,2475
27.11.14;1,2022;27,609;1,248
28.11.14;1,2018;27,652;1,2483
01.12.14;1,2028;27,626;1,2469
02.12.14;1,204;27,605;1,2424
03.12.14;1,2032;27,623;1,2331
04.12.14;1,2035;27,616;1,2311
05.12.14;1,2021;27,635;1,2362
08.12.14;1,2023;27,611;1,2258
09.12.14;1,2021;27,618;1,2369
10.12.14;1,2024;27,618;1,2392
11.12.14;1,2012;27,633;1,2428
12.12.14;1,201;27,59;1,245
15.12.14;1,2011;27,565;1,2426
16.12.14;1,2009;27,607;1,2537
17.12.14;1,201;27,626;1,2448
18.12.14;1,2052;27,606;1,2285
19.12.14;1,2039;27,636;1,2279
22.12.14;1,2035;27,618;1,2259
23.12.14;1,2032;27,66;1,2213
24.12.14;1,2025;27,777;1,2219
29.12.14;1,2028;27,717;1,2197
30.12.14;1,2028;27,728;1,216
31.12.14;1,2024;27,735;1,2141
